Sample	Replicon	Size	Illumina depth	Nanopore depth	Illumina depth (normalised)	Nanopore depth (normalised)
01	chromosome	5337491	117.527	222.815	1.000	1.000
01	plasmid	110374	168.571	163.492	1.434	0.733
01	plasmid	71587	263.226	139.332	2.239	0.625
02	chromosome	5337491	136.039	158.208	1.000	1.000
02	plasmid	110374	179.404	110.385	1.318	0.697
02	plasmid	71587	266.933	97.0835	1.962	0.613
03	chromosome	5298228	71.9673	21.183	1.000	1.000
03	plasmid	187611	79.8715	26.6566	1.109	1.258
03	plasmid	147932	90.7559	19.4958	1.261	0.920
03	plasmid	89345	141.097	24.052	1.960	1.135
03	plasmid	4660	1877.48	5.16266	26.087	0.243
03	plasmid	4510	900.604	2.70865	12.514	0.127
03	plasmid	3825	2040.19	4.98013	28.348	0.235
04	chromosome	5298441	78.3835	15.8797	1.000	1.000
04	plasmid	199576	75.8077	23.1377	0.967	1.457
04	plasmid	147945	79.7852	16.4608	1.017	1.036
04	plasmid	89345	127.115	13.1964	1.621	0.831
04	plasmid	4660	3143.05	4.27017	40.098	0.268
04	plasmid	4510	2164.6	4.38199	27.615	0.275
04	plasmid	3825	4215.61	2.56209	53.781	0.161
05	chromosome	5583461	131.995	48.0397	1.000	1.000
05	plasmid	71104	196.332	18.3263	1.487	0.381
05	plasmid	6657	712.34	15.8977	5.396	0.330
05	plasmid	5783	1152.14	44.4245	8.728	0.924
05	plasmid	3514	1322.31	12.9479	10.017	0.269
05	plasmid	3223	1269.41	13.1765	9.617	0.274
05	plasmid	2723	2833.95	36.4326	21.470	0.758
06	chromosome	5356173	107.131	78.6111	1.000	1.000
06	plasmid	243634	130.441	103.336	1.217	1.314
06	plasmid	71104	162.641	34.7519	1.518	0.442
06	plasmid	4228	1315.98	11.293	12.283	0.143
06	plasmid	3514	1144.21	3.92658	10.680	0.049
06	plasmid	3223	1292.04	2.40552	12.060	0.030
06	plasmid	2723	2923.65	24.3952	27.290	0.310
07	chromosome	5315064	128.418	287.163	1.000	1.000
07	plasmid	165353	171.765	289.31	1.337	1.007
07	plasmid	111806	162.856	230.436	1.268	0.802
08	chromosome	5354543	116.833	80.1434	1.000	1.000
09	chromosome	5397853	123.699	13.8649	1.000	1.000
09	plasmid	249552	176.093	16.5261	1.423	1.191
09	plasmid	67871	194.736	9.58194	1.574	0.691
09	plasmid	4438	1541.55	4.77107	12.462	0.344
09	plasmid	3619	810.104	1.58635	6.548	0.114
10	chromosome	5242098	86.995	124.417	1.000	1.000
10	plasmid	252273	107.052	156.385	1.230	1.256
10	plasmid	130932	124.763	149.575	1.434	1.202
10	plasmid	110494	92.1561	113.27	1.059	0.910
10	plasmid	69826	214.735	93.737	2.468	0.753
10	plasmid	5783	2442.7	115.853	28.078	0.931
10	plasmid	4941	3886.85	74.7571	44.679	0.600
10	plasmid	3359	5543.87	35.3447	63.726	0.284
11	chromosome	5264380	78.4097	43.8159	1.000	1.000
11	plasmid	187611	65.93	65.1727	0.840	1.487
11	plasmid	147932	75.4854	42.4358	0.962	0.968
11	plasmid	89345	118.224	38.5947	1.507	0.880
11	plasmid	4660	2437.63	9.84399	31.088	0.224
11	plasmid	4510	1222.2	4.16896	15.587	0.095
11	plasmid	3825	3025.28	5.20235	38.582	0.118
12	chromosome	5228889	94.4098	73.6721	1.000	1.000
12	plasmid	310025	154.499	149.995	1.636	2.035
12	plasmid	228353	143.881	119.762	1.524	1.625
12	plasmid	140704	145.918	101.858	1.545	1.382
12	plasmid	98344	193.655	116.48	2.051	1.581
12	plasmid	3514	1554.58	71.5424	16.466	0.971
12	plasmid	3377	1347.73	35.1039	14.275	0.476
12	plasmid	3336	2426.99	45.4955	25.706	0.617
12	plasmid	3223	1609.96	31.7512	17.052	0.430
12	plasmid	3012	1466.11	17.1902	15.529	0.233
12	plasmid	2936	3489.46	75.0933	36.960	1.019
