Depth	Canu before Nanopolish	Unicycler before Nanopolish	Canu after Nanopolish	Unicycler after Nanopolish
229	0.008109	0.006931		0.003380
163	0.009488	0.008054		0.004226
22	0.016013	0.012470	0.009603	0.008715
17	0.017739	0.014094	0.011612	0.010553
50	0.012407	0.010033		0.006130
82	0.011585	0.010258		0.005768
298	0.010061	0.008979		
83	0.011526	0.010114		0.005315
15	0.018949	0.013876	0.012378	0.010251
131	0.008831	0.007277		0.003236
46	0.013127	0.010462	0.007030	0.006421
84	0.012026	0.010939		0.006434